15
12
1

118 119 119 119 119 119 119 119 119 119 119 119 119 119 120 
141 47 47 47 47 47 47 47 47 47 47 47 47 47 143 
141 47 47 47 47 47 47 47 47 47 47 47 47 47 143 
141 47 47 47 73 73 73 73 73 73 47 47 47 47 143 
141 47 47 47 73 47 47 47 47 73 47 47 47 47 143 
141 47 47 47 73 47 72 74 47 73 47 47 47 47 143 
141 47 47 47 73 47 127 74 47 73 47 47 47 47 143 
141 47 47 47 73 47 47 47 47 73 47 47 47 47 143 
141 47 47 127 73 73 73 73 73 73 47 47 47 47 143 
141 47 47 47 47 47 47 47 47 47 47 47 47 47 143 
141 47 47 47 47 47 47 47 47 47 47 47 47 47 143 
164 165 165 165 165 165 165 165 165 165 165 165 165 165 166 