32
18
1

47 47 47 47 47 47 47 47 47 47 47 47 47 47 47 47 47 47 47 47 47 47 47 47 47 47 47 47 47 47 47 47 
47 47 47 47 47 47 47 47 47 47 47 47 47 47 47 47 47 47 47 47 47 47 47 47 47 47 47 47 47 47 47 47 
47 47 47 47 47 47 47 47 47 47 47 47 47 47 47 47 47 47 47 47 47 47 47 47 47 47 47 47 47 47 47 47 
47 47 47 47 47 47 47 47 47 47 47 47 47 47 47 47 47 47 47 47 47 47 47 47 47 47 47 47 47 47 47 47 
47 47 47 47 47 47 47 47 47 47 47 47 47 47 47 47 47 47 47 47 47 47 47 47 47 47 47 47 47 47 47 47 
47 47 47 47 47 47 47 47 47 47 47 47 47 47 47 47 47 47 47 47 47 47 47 47 47 47 47 47 47 47 47 47 
47 47 47 47 47 47 47 47 47 47 47 47 47 47 47 47 47 47 47 47 47 47 47 47 47 47 47 47 47 47 47 47 
47 47 47 47 47 47 47 47 47 47 47 47 47 47 47 47 47 47 47 47 47 47 47 47 47 47 47 47 47 47 47 47 
47 47 47 47 47 47 47 47 47 47 47 47 47 47 47 47 47 47 47 47 47 47 47 47 47 47 47 47 47 47 47 47 
47 47 47 47 47 47 47 47 47 47 47 47 47 47 47 47 47 47 47 47 47 47 47 47 47 47 47 47 47 47 47 47 
47 47 47 47 47 47 47 47 47 47 47 47 47 47 47 47 47 47 47 47 47 47 47 47 47 47 47 47 47 47 47 47 
47 47 47 47 47 47 47 47 47 47 47 47 47 47 47 47 47 47 47 47 47 47 47 47 47 47 47 47 47 47 47 47 
47 47 47 47 47 47 47 47 47 47 47 47 47 47 47 47 47 47 47 47 47 47 47 47 47 47 47 47 47 47 47 47 
47 47 47 47 47 47 47 47 47 47 47 47 47 47 47 47 47 47 47 47 47 47 47 47 47 47 47 47 47 47 47 47 
47 47 47 47 47 47 47 47 47 47 47 47 47 47 47 47 47 47 47 47 47 47 47 47 47 47 47 47 47 47 47 47 
47 47 47 47 47 47 47 47 47 47 47 47 47 47 47 47 47 47 47 47 47 47 47 47 47 47 47 47 47 47 47 47 
47 47 47 47 47 47 47 47 47 47 47 47 47 47 47 47 47 47 47 47 47 47 47 47 47 47 47 47 47 47 47 47 
47 47 47 47 47 47 47 47 47 47 47 47 47 47 47 47 47 47 47 47 47 47 47 47 47 47 47 47 47 47 47 47 
32
18
2

-1 204 -1 204 -1 204 -1 204 -1 204 -1 204 -1 204 -1 204 -1 204 -1 204 -1 204 -1 204 -1 204 -1 204 -1 204 -1 204 -1 204 -1 204 -1 204 -1 204 -1 204 -1 204 -1 204 -1 204 -1 204 -1 204 -1 204 -1 204 -1 204 -1 204 -1 204 -1 204 
-1 204 -1 204 -1 204 -1 204 -1 204 -1 204 -1 204 -1 204 -1 204 -1 204 -1 204 -1 204 -1 204 -1 204 -1 204 -1 204 -1 204 -1 204 -1 204 -1 204 -1 204 -1 204 -1 204 -1 204 -1 204 -1 204 -1 204 -1 204 -1 204 -1 204 -1 204 -1 204 
-1 204 -1 204 -1 204 -1 204 -1 204 -1 204 -1 204 -1 204 -1 204 -1 204 -1 204 -1 204 -1 204 -1 204 -1 204 -1 204 -1 204 -1 204 -1 204 -1 204 -1 204 -1 204 -1 204 -1 204 -1 204 -1 204 -1 204 -1 204 -1 204 -1 204 -1 204 -1 204 
-1 204 -1 204 -1 204 -1 204 -1 204 -1 204 -1 204 -1 204 -1 204 -1 204 -1 204 -1 204 -1 204 -1 204 -1 204 -1 204 -1 204 -1 204 -1 204 -1 204 -1 204 -1 204 -1 204 -1 204 -1 204 -1 204 -1 204 -1 204 -1 204 -1 204 -1 204 -1 204 
-1 204 -1 204 -1 204 -1 204 -1 204 -1 204 -1 204 -1 204 -1 204 -1 204 -1 204 -1 204 -1 204 -1 204 -1 204 -1 204 -1 204 -1 204 -1 204 -1 204 -1 204 -1 204 -1 204 -1 204 -1 204 -1 204 -1 204 -1 204 -1 204 -1 204 -1 204 -1 204 
-1 204 -1 204 -1 204 -1 204 -1 204 -1 204 -1 204 -1 204 -1 204 -1 204 -1 204 -1 204 -1 204 -1 204 -1 204 -1 204 -1 204 -1 204 -1 204 -1 204 -1 204 -1 204 -1 204 -1 204 -1 204 -1 204 -1 204 -1 204 -1 204 -1 204 -1 204 -1 204 
-1 204 -1 204 -1 204 -1 204 -1 204 -1 204 -1 204 -1 204 -1 204 -1 204 -1 204 -1 204 -1 204 -1 204 -1 204 -1 204 -1 204 -1 204 -1 204 -1 204 -1 204 -1 204 -1 204 -1 204 -1 204 -1 204 -1 204 -1 204 -1 204 -1 204 -1 204 -1 204 
-1 204 -1 204 -1 204 -1 204 -1 204 -1 204 -1 204 -1 204 -1 204 -1 204 -1 204 -1 204 -1 204 -1 204 -1 204 -1 204 -1 204 -1 204 -1 204 -1 204 -1 204 -1 204 -1 204 -1 204 -1 204 -1 204 -1 204 -1 204 -1 204 -1 204 -1 204 -1 204 
-1 204 -1 204 -1 204 -1 204 -1 204 -1 204 -1 204 -1 204 -1 204 -1 204 -1 204 -1 204 -1 204 -1 204 -1 204 -1 204 -1 204 -1 204 -1 204 -1 204 -1 204 -1 204 -1 204 -1 204 -1 204 -1 204 -1 204 -1 204 -1 204 -1 204 -1 204 -1 204 
-1 204 -1 204 -1 204 -1 204 -1 204 -1 204 -1 204 -1 204 -1 204 -1 204 -1 204 -1 204 -1 204 -1 204 -1 204 -1 204 -1 204 -1 204 -1 204 -1 204 -1 204 -1 204 -1 204 -1 204 -1 204 -1 204 -1 204 -1 204 -1 204 -1 204 -1 204 -1 204 
-1 204 -1 204 -1 204 -1 204 -1 204 -1 204 -1 204 -1 204 -1 204 -1 204 -1 204 -1 204 -1 204 -1 204 -1 204 -1 204 -1 204 -1 204 -1 204 -1 204 -1 204 -1 204 -1 204 -1 204 -1 204 -1 204 -1 204 -1 204 -1 204 -1 204 -1 204 -1 204 
-1 204 -1 204 -1 204 -1 204 -1 204 -1 204 -1 204 -1 204 -1 204 -1 204 -1 204 -1 204 -1 204 -1 204 -1 204 -1 204 -1 204 -1 204 -1 204 -1 204 -1 204 -1 204 -1 204 -1 204 -1 204 -1 204 -1 204 -1 204 -1 204 -1 204 -1 204 -1 204 
-1 204 -1 204 -1 204 -1 204 -1 204 -1 204 -1 204 -1 204 -1 204 -1 204 -1 204 -1 204 -1 204 -1 204 -1 204 -1 204 -1 204 -1 204 -1 204 -1 204 -1 204 -1 204 -1 204 -1 204 -1 204 -1 204 -1 204 -1 204 -1 204 -1 204 -1 204 -1 204 
-1 204 -1 204 -1 204 -1 204 -1 204 -1 204 -1 204 -1 204 -1 204 -1 204 -1 204 -1 204 -1 204 -1 204 -1 204 -1 204 -1 204 -1 204 -1 204 -1 204 -1 204 -1 204 -1 204 -1 204 -1 204 -1 204 -1 204 -1 204 -1 204 -1 204 -1 204 -1 204 
-1 204 -1 204 -1 204 -1 204 -1 204 -1 204 -1 204 -1 204 -1 204 -1 204 -1 204 -1 204 -1 204 -1 204 -1 204 -1 204 -1 204 -1 204 -1 204 -1 204 -1 204 -1 204 -1 204 -1 204 -1 204 -1 204 -1 204 -1 204 -1 204 -1 204 -1 204 -1 204 
-1 204 -1 204 -1 204 -1 204 -1 204 -1 204 -1 204 -1 204 -1 204 -1 204 -1 204 -1 204 -1 204 -1 204 -1 204 -1 204 -1 204 -1 204 -1 204 -1 204 -1 204 -1 204 -1 204 -1 204 -1 204 -1 204 -1 204 -1 204 -1 204 -1 204 -1 204 -1 204 
-1 204 -1 204 -1 204 -1 204 -1 204 -1 204 -1 204 -1 204 -1 204 -1 204 -1 204 -1 204 -1 204 -1 204 -1 204 -1 204 -1 204 -1 204 -1 204 -1 204 -1 204 -1 204 -1 204 -1 204 -1 204 -1 204 -1 204 -1 204 -1 204 -1 204 -1 204 -1 204 
-1 204 -1 204 -1 204 -1 204 -1 204 -1 204 -1 204 -1 204 -1 204 -1 204 -1 204 -1 204 -1 204 -1 204 -1 204 -1 204 -1 204 -1 204 -1 204 -1 204 -1 204 -1 204 -1 204 -1 204 -1 204 -1 204 -1 204 -1 204 -1 204 -1 204 -1 204 -1 204 