32
18
1

47 0 47 0 47 0 47 0 47 0 47 0 47 0 47 0 47 0 47 0 47 0 47 0 47 0 47 0 47 0 47 0 47 0 47 0 47 0 47 0 47 0 47 0 47 0 47 0 47 0 47 0 47 0 47 0 47 0 47 0 47 0 47 0 
47 0 47 0 47 0 47 0 47 0 47 0 47 0 47 0 47 0 47 0 47 0 47 0 47 0 47 0 47 0 47 0 47 0 47 0 47 0 47 0 47 0 47 0 47 0 47 0 47 0 47 0 47 0 47 0 47 0 47 0 47 0 47 0 
47 0 47 0 47 0 47 0 47 0 47 0 47 0 47 0 47 0 47 0 47 0 47 0 47 0 47 0 47 0 47 0 47 0 47 0 47 0 47 0 47 0 47 0 47 0 47 0 47 0 47 0 47 0 47 0 47 0 47 0 47 0 47 0 
47 0 47 0 47 0 47 0 47 0 47 0 47 0 47 0 47 0 47 0 47 0 47 0 47 0 47 0 47 0 47 0 47 0 47 0 47 0 47 0 47 0 47 0 47 0 47 0 47 0 47 0 47 0 47 0 47 0 47 0 47 0 47 0 
47 0 47 0 47 0 47 0 47 0 47 0 47 0 47 0 47 0 47 0 47 0 73 1 73 1 73 1 73 1 47 0 73 1 73 1 47 0 47 0 47 0 47 0 47 0 47 0 47 0 47 0 47 0 47 0 47 0 47 0 47 0 47 0 
47 0 47 0 47 0 47 0 47 0 47 0 47 0 47 0 47 0 47 0 47 0 73 1 73 0 73 0 73 0 73 1 73 0 47 0 73 1 47 0 47 0 47 0 47 0 47 0 47 0 47 0 47 0 47 0 47 0 47 0 47 0 47 0 
47 0 47 0 47 0 47 0 47 0 47 0 47 0 47 0 47 0 47 0 73 1 73 0 73 0 73 0 73 0 73 0 73 0 73 0 73 1 73 1 47 0 47 0 47 0 47 0 47 0 47 0 47 0 47 0 47 0 47 0 47 0 47 0 
47 0 47 0 47 0 47 0 47 0 47 0 47 0 47 0 47 0 47 0 73 1 73 0 73 0 73 0 73 0 73 0 73 0 73 1 47 0 47 0 47 0 47 0 47 0 47 0 47 0 47 0 47 0 47 0 47 0 47 0 47 0 47 0 
47 0 47 0 47 0 47 0 47 0 47 0 47 0 47 0 47 0 73 1 73 0 73 0 73 0 73 0 73 0 73 0 73 0 73 0 73 1 73 1 73 1 47 0 47 0 47 0 47 0 47 0 47 0 47 0 47 0 47 0 47 0 47 0 
47 0 47 0 47 0 47 0 47 0 47 0 47 0 47 0 47 0 73 1 73 1 73 0 73 0 73 0 73 0 73 0 73 0 73 0 73 0 73 1 47 0 47 0 47 0 47 0 47 0 47 0 47 0 47 0 47 0 47 0 47 0 47 0 
47 0 47 0 47 0 47 0 47 0 47 0 47 0 47 0 47 0 47 0 47 0 73 1 73 0 73 0 73 0 73 0 73 0 73 0 73 0 73 0 73 1 47 0 73 1 47 0 47 0 47 0 47 0 47 0 47 0 47 0 47 0 47 0 
47 0 47 0 47 0 47 0 47 0 47 0 47 0 47 0 47 0 47 0 47 0 47 0 73 1 73 0 73 0 73 0 73 0 73 0 73 0 73 1 47 0 47 0 47 0 47 0 47 0 47 0 47 0 47 0 47 0 47 0 47 0 47 0 
47 0 47 0 47 0 47 0 47 0 47 0 47 0 47 0 47 0 47 0 47 0 47 0 47 0 73 1 73 0 73 0 73 0 73 0 73 1 47 0 47 0 47 0 47 0 47 0 47 0 47 0 47 0 47 0 47 0 47 0 47 0 47 0 
47 0 47 0 47 0 47 0 47 0 47 0 47 0 47 0 47 0 47 0 47 0 73 1 73 1 73 1 73 1 73 0 73 0 73 0 73 1 73 1 47 0 47 0 73 1 47 0 47 0 47 0 47 0 47 0 47 0 47 0 47 0 47 0 
47 0 47 0 47 0 47 0 47 0 47 0 47 0 47 0 47 0 47 0 47 0 47 0 47 0 47 0 47 0 73 1 73 1 73 1 47 0 73 1 47 0 73 1 47 0 47 0 47 0 47 0 47 0 47 0 47 0 47 0 47 0 47 0 
47 0 47 0 47 0 47 0 47 0 47 0 47 0 47 0 47 0 47 0 47 0 47 0 47 0 47 0 47 0 47 0 47 0 73 1 47 0 73 1 47 0 47 0 47 0 47 0 47 0 47 0 47 0 47 0 47 0 47 0 47 0 47 0 
47 0 47 0 47 0 47 0 47 0 47 0 47 0 47 0 47 0 47 0 47 0 47 0 47 0 47 0 47 0 47 0 47 0 47 0 47 0 47 0 47 0 47 0 47 0 47 0 47 0 47 0 47 0 47 0 47 0 47 0 47 0 47 0 
47 0 47 0 47 0 47 0 47 0 47 0 47 0 47 0 47 0 47 0 47 0 47 0 47 0 47 0 47 0 47 0 47 0 47 0 47 0 47 0 47 0 47 0 47 0 47 0 47 0 47 0 47 0 47 0 47 0 47 0 47 0 47 0 
32
18
2

-1 -1 -1 -1 232 -1 -1 232 232 232 -1 -1 -1 -1 -1 -1 -1 -1 -1 -1 -1 -1 -1 -1 -1 -1 -1 -1 -1 -1 -1 -1 
-1 232 232 -1 -1 232 -1 -1 -1 232 232 -1 -1 -1 -1 -1 -1 -1 -1 -1 -1 -1 -1 -1 -1 -1 -1 -1 -1 -1 -1 -1 
-1 -1 232 -1 -1 -1 232 -1 -1 -1 -1 232 -1 185 185 185 185 -1 -1 -1 -1 -1 -1 -1 -1 -1 -1 208 208 -1 -1 -1 
-1 -1 232 232 232 232 -1 -1 -1 -1 -1 185 185 185 -1 -1 -1 185 -1 -1 -1 -1 -1 -1 208 -1 -1 -1 208 208 -1 -1 
-1 232 -1 208 208 -1 -1 232 232 232 232 232 232 -1 232 -1 -1 185 185 -1 -1 -1 -1 -1 208 -1 -1 -1 -1 -1 -1 -1 
-1 232 208 -1 208 186 186 186 232 232 232 232 232 186 232 232 232 -1 -1 185 185 185 185 185 185 208 185 185 -1 -1 -1 -1 
-1 -1 -1 232 186 186 -1 -1 -1 232 232 -1 -1 185 232 -1 -1 232 -1 186 -1 -1 -1 -1 -1 186 186 186 185 -1 -1 -1 
-1 208 -1 186 208 232 -1 232 232 185 232 232 232 185 185 185 -1 232 232 -1 -1 185 -1 -1 185 208 208 186 185 -1 -1 -1 
-1 -1 -1 186 208 -1 -1 232 232 185 185 232 232 232 -1 232 -1 232 232 232 -1 232 -1 185 -1 -1 -1 186 185 -1 -1 -1 
-1 208 -1 186 208 -1 -1 -1 185 232 185 -1 232 -1 232 232 232 232 232 232 232 185 -1 185 -1 -1 -1 186 -1 -1 -1 -1 
-1 208 -1 186 185 208 -1 232 186 -1 185 185 232 -1 -1 186 185 -1 -1 -1 232 -1 185 185 -1 -1 -1 208 -1 -1 -1 -1 
-1 208 186 -1 -1 208 185 186 -1 -1 -1 232 185 185 185 232 186 185 185 185 232 232 232 -1 232 -1 -1 -1 -1 -1 -1 -1 
-1 -1 186 208 -1 -1 186 186 232 -1 -1 -1 232 -1 185 185 232 -1 -1 -1 232 232 232 232 232 -1 -1 -1 -1 -1 -1 -1 
-1 -1 -1 -1 -1 -1 186 186 186 232 -1 -1 232 -1 232 185 232 232 -1 232 232 -1 185 232 -1 -1 -1 208 208 208 -1 -1 
-1 -1 -1 -1 -1 -1 -1 -1 -1 -1 -1 -1 -1 232 185 -1 -1 -1 -1 -1 -1 185 -1 -1 -1 -1 -1 186 208 208 -1 -1 
-1 -1 208 208 208 208 185 185 185 -1 185 185 185 185 232 185 185 185 185 185 185 185 -1 186 -1 -1 208 208 208 208 186 -1 
-1 -1 -1 -1 -1 -1 185 185 185 185 -1 -1 -1 -1 232 -1 -1 -1 -1 -1 -1 -1 -1 -1 -1 208 208 -1 -1 208 -1 -1 
-1 -1 -1 -1 -1 -1 -1 -1 -1 -1 -1 -1 -1 -1 -1 -1 -1 -1 -1 -1 -1 -1 -1 -1 -1 -1 -1 -1 -1 -1 -1 -1 