32
18
1

47 204 47 204 47 204 47 204 47 204 47 204 47 204 47 204 47 204 47 204 47 204 47 204 47 204 47 204 47 204 47 204 47 204 47 204 47 204 47 204 47 204 47 204 47 204 47 204 47 204 47 204 47 204 47 204 47 204 47 204 47 204 47 204 
47 204 47 204 47 204 47 204 47 204 47 204 47 204 47 204 47 204 47 204 47 204 47 204 47 204 47 204 47 204 47 204 47 204 47 204 47 204 47 204 47 204 47 204 47 204 47 204 47 204 47 204 47 204 47 204 47 204 47 204 47 204 47 204 
47 204 47 204 47 204 47 204 47 204 47 204 47 204 47 204 47 204 47 204 47 204 47 204 47 204 47 204 47 204 47 204 47 204 47 204 47 204 47 204 47 204 47 204 47 204 47 204 47 204 47 204 47 204 47 204 47 204 47 204 47 204 47 204 
47 204 47 204 47 204 47 204 47 204 47 204 47 204 47 204 47 204 47 1 47 1 47 1 47 1 47 1 47 1 47 1 47 1 47 1 47 1 47 1 47 1 47 1 47 1 47 1 47 1 47 1 47 1 47 1 47 204 47 204 47 204 47 204 
47 204 47 204 47 204 47 204 47 204 47 204 47 204 47 204 47 204 47 1 47 1 47 1 47 1 47 1 47 1 47 1 47 1 47 1 47 1 47 1 47 1 47 1 47 1 47 1 47 1 47 1 47 1 47 1 47 204 47 204 47 204 47 204 
47 204 47 204 47 204 47 204 47 204 47 204 47 204 47 204 47 204 47 1 47 1 47 1 47 1 47 1 47 1 47 1 47 1 47 1 47 1 47 1 47 1 47 1 47 1 47 1 47 1 47 1 47 1 47 1 47 204 47 204 47 204 47 204 
47 204 47 204 47 204 47 204 47 204 47 204 47 204 47 204 47 204 47 1 47 1 47 1 47 1 47 1 47 1 47 1 47 1 47 1 47 1 47 1 47 1 47 1 47 1 47 1 47 1 47 1 47 1 47 1 47 204 47 204 47 204 47 204 
47 204 47 204 47 204 47 204 47 204 47 204 47 204 47 204 47 204 47 1 47 1 47 1 47 1 47 1 47 1 47 1 47 1 47 1 47 1 47 1 47 1 47 1 47 1 47 1 47 1 47 1 47 1 47 1 47 204 47 204 47 204 47 204 
47 204 47 204 47 204 47 204 47 204 47 204 47 204 47 204 47 204 47 1 47 1 47 1 47 1 47 1 47 1 47 1 47 1 47 1 47 1 47 1 47 1 47 1 47 1 47 1 47 1 47 1 47 1 47 1 47 204 47 204 47 204 47 204 
47 204 47 204 47 204 47 204 47 204 47 204 47 204 47 204 47 204 47 1 47 1 47 1 47 1 47 1 47 1 47 1 47 1 47 1 47 1 47 1 47 1 47 1 47 1 47 1 47 1 47 1 47 1 47 1 47 204 47 204 47 204 47 204 
47 204 47 204 47 204 47 204 47 204 47 204 47 204 47 204 47 204 47 1 47 1 47 1 47 1 47 1 47 1 47 1 47 1 47 1 47 1 47 1 47 1 47 1 47 1 47 1 47 1 47 1 47 1 47 1 47 204 47 204 47 204 47 204 
47 204 47 204 47 204 47 204 47 204 47 204 47 204 47 204 47 204 47 1 47 1 47 1 47 1 47 1 47 1 47 1 47 1 47 1 47 1 47 1 47 1 47 1 47 1 47 1 47 1 47 1 47 1 47 1 47 204 47 204 47 204 47 204 
47 204 47 204 47 204 47 204 47 204 47 204 47 204 47 204 47 204 47 1 47 1 47 1 47 1 47 1 47 1 47 1 47 1 47 1 47 1 47 1 47 1 47 1 47 1 47 1 47 1 47 1 47 1 47 1 47 204 47 204 47 204 47 204 
47 204 47 204 47 204 47 204 47 204 47 204 47 204 47 204 47 204 47 1 47 1 47 1 47 1 47 1 47 1 47 1 47 1 47 1 47 1 47 1 47 1 47 1 47 1 47 1 47 1 47 1 47 1 47 1 47 204 47 204 47 204 47 204 
47 204 47 204 47 204 47 204 47 204 47 204 47 204 47 204 47 204 47 1 47 1 47 1 47 1 47 1 47 1 47 1 47 1 47 1 47 1 47 1 47 1 47 1 47 1 47 1 47 1 47 1 47 1 47 1 47 204 47 204 47 204 47 204 
47 204 47 204 47 204 47 204 47 204 47 204 47 204 47 204 47 204 47 1 47 1 47 1 47 1 47 1 47 1 47 1 47 1 47 1 47 1 47 1 47 1 47 1 47 1 47 1 47 1 47 1 47 1 47 1 47 204 47 204 47 204 47 204 
47 204 47 204 47 204 47 204 47 204 47 204 47 204 47 204 47 204 47 204 47 204 47 204 47 204 47 204 47 204 47 204 47 204 47 204 47 204 47 204 47 204 47 204 47 204 47 204 47 204 47 204 47 204 47 204 47 204 47 204 47 204 47 204 
47 204 47 204 47 204 47 204 47 204 47 204 47 204 47 204 47 204 47 204 47 204 47 204 47 204 47 204 47 204 47 204 47 204 47 204 47 204 47 204 47 204 47 204 47 204 47 204 47 204 47 204 47 204 47 204 47 204 47 204 47 204 47 204 
32
18
2

-1 -1 -1 -1 -1 -1 -1 -1 -1 -1 -1 -1 -1 -1 -1 -1 -1 -1 -1 -1 -1 -1 -1 -1 -1 -1 -1 -1 -1 -1 -1 -1 
-1 -1 -1 -1 -1 -1 -1 -1 -1 -1 -1 -1 -1 -1 -1 -1 -1 -1 -1 -1 -1 -1 -1 -1 -1 -1 -1 -1 -1 -1 -1 -1 
-1 -1 -1 -1 -1 -1 -1 -1 -1 -1 -1 -1 -1 -1 -1 -1 -1 -1 -1 -1 -1 -1 -1 -1 -1 -1 -1 -1 -1 -1 -1 -1 
-1 -1 -1 -1 -1 -1 -1 -1 -1 -1 -1 -1 -1 -1 -1 -1 -1 -1 -1 -1 -1 -1 -1 -1 -1 -1 -1 -1 -1 -1 -1 -1 
-1 -1 -1 -1 -1 -1 -1 -1 -1 -1 -1 -1 -1 -1 -1 -1 -1 -1 -1 -1 -1 -1 -1 -1 -1 -1 -1 -1 -1 -1 -1 -1 
-1 -1 -1 -1 -1 -1 -1 -1 -1 -1 -1 -1 -1 -1 -1 -1 -1 -1 -1 -1 -1 -1 -1 -1 -1 -1 -1 -1 -1 -1 -1 -1 
-1 -1 -1 -1 -1 -1 -1 -1 -1 -1 -1 -1 -1 -1 -1 -1 -1 -1 -1 -1 -1 -1 -1 -1 -1 -1 -1 -1 -1 -1 -1 -1 
-1 -1 -1 -1 -1 -1 -1 -1 -1 -1 -1 -1 -1 -1 -1 -1 -1 -1 -1 -1 -1 -1 -1 -1 -1 -1 -1 -1 -1 -1 -1 -1 
-1 -1 -1 -1 -1 -1 -1 -1 -1 -1 -1 -1 -1 -1 -1 -1 -1 -1 -1 -1 -1 -1 -1 -1 -1 -1 -1 -1 -1 -1 -1 -1 
-1 -1 -1 -1 -1 -1 -1 -1 -1 -1 -1 -1 -1 -1 -1 -1 -1 -1 -1 -1 -1 -1 -1 -1 -1 -1 -1 -1 -1 -1 -1 -1 
-1 -1 -1 -1 -1 -1 -1 -1 -1 -1 -1 -1 -1 -1 -1 -1 -1 -1 -1 -1 -1 -1 -1 -1 -1 -1 -1 -1 -1 -1 -1 -1 
-1 -1 -1 -1 -1 -1 -1 -1 -1 -1 -1 -1 -1 -1 -1 -1 -1 -1 -1 -1 -1 -1 -1 -1 -1 -1 -1 -1 -1 -1 -1 -1 
-1 -1 -1 -1 -1 -1 -1 -1 -1 -1 -1 -1 -1 -1 -1 -1 -1 -1 -1 -1 -1 -1 -1 -1 -1 -1 -1 -1 -1 -1 -1 -1 
-1 -1 -1 -1 -1 -1 -1 -1 -1 -1 -1 -1 -1 -1 -1 -1 -1 -1 -1 -1 -1 -1 -1 -1 -1 -1 -1 -1 -1 -1 -1 -1 
-1 -1 -1 -1 -1 -1 -1 -1 -1 -1 -1 -1 -1 -1 -1 -1 -1 -1 -1 -1 -1 -1 -1 -1 -1 -1 -1 -1 -1 -1 -1 -1 
-1 -1 -1 -1 -1 -1 -1 -1 -1 -1 -1 -1 -1 -1 -1 -1 -1 -1 -1 -1 -1 -1 -1 -1 -1 -1 -1 -1 -1 -1 -1 -1 
-1 -1 -1 -1 -1 -1 -1 -1 -1 -1 -1 -1 -1 -1 -1 -1 -1 -1 -1 -1 -1 -1 -1 -1 -1 -1 -1 -1 -1 -1 -1 -1 
-1 -1 -1 -1 -1 -1 -1 -1 -1 -1 -1 -1 -1 -1 -1 -1 -1 -1 -1 -1 -1 -1 -1 -1 -1 -1 -1 -1 -1 -1 -1 -1 