24
18
1

47 47 47 47 47 47 47 47 47 47 47 47 47 47 47 47 47 47 47 47 47 47 47 47 
47 47 118 119 119 119 119 119 119 119 119 119 119 120 47 47 47 47 47 47 47 47 47 47 
47 47 141 486 486 486 486 486 486 486 486 486 486 143 47 47 47 47 47 47 47 47 47 47 
47 47 141 385 385 385 385 385 385 385 385 385 385 143 47 47 47 47 47 47 47 47 47 47 
47 47 164 165 165 165 165 165 165 165 165 165 165 166 47 47 47 47 47 47 47 47 47 47 
47 47 47 47 47 47 47 47 47 47 47 47 47 47 47 47 47 47 47 47 47 47 47 47 
47 47 47 47 47 47 47 47 47 47 47 47 47 47 47 47 47 47 47 47 47 47 47 47 
47 47 47 47 47 47 47 47 47 47 47 47 47 47 47 47 47 47 47 47 47 47 47 47 
47 47 47 47 47 47 47 47 47 47 47 47 47 47 47 118 119 119 119 119 120 47 47 47 
47 47 47 47 47 47 47 47 47 47 47 47 47 47 118 122 122 122 122 122 122 212 47 47 
47 47 47 47 47 47 47 47 47 47 47 47 47 118 122 122 122 122 122 122 143 47 47 47 
47 47 47 47 47 47 47 47 47 47 47 47 47 141 122 122 122 122 122 122 166 47 47 47 
47 47 47 47 47 47 47 47 47 47 47 47 210 165 165 165 165 165 166 47 47 47 47 47 
47 47 47 47 47 47 47 47 47 47 47 47 47 47 47 47 47 47 47 47 47 47 47 47 
47 47 47 47 47 47 47 47 47 47 47 47 47 47 47 47 47 47 47 47 47 47 47 47 
47 47 47 47 47 47 47 47 47 47 47 47 47 47 47 47 47 47 47 47 47 47 47 47 
47 47 47 47 47 47 47 47 47 47 47 47 47 47 47 47 47 47 47 47 47 47 47 47 
47 118 121 122 122 122 122 122 122 120 47 47 47 47 47 47 47 47 47 47 47 47 47 47 
24
18
2

-1 185 185 -1 -1 -1 -1 -1 -1 -1 -1 -1 -1 -1 -1 -1 -1 -1 -1 -1 -1 -1 -1 -1 
-1 185 -1 -1 -1 -1 -1 -1 -1 -1 -1 -1 -1 -1 -1 -1 208 208 208 208 -1 303 -1 -1 
-1 185 -1 275 273 273 273 273 273 273 273 273 298 -1 -1 -1 -1 -1 -1 -1 208 208 -1 -1 
-1 185 -1 297 -1 -1 -1 -1 -1 -1 -1 -1 295 -1 -1 303 -1 278 279 -1 208 -1 -1 -1 
-1 185 -1 273 273 273 273 273 273 273 273 273 273 -1 -1 138 -1 301 302 -1 208 208 99 -1 
-1 185 -1 -1 -1 256 -1 232 -1 -1 -1 -1 232 -1 -1 138 -1 276 277 -1 -1 208 208 -1 
-1 185 -1 -1 -1 -1 185 -1 -1 232 232 232 232 -1 162 -1 -1 299 300 -1 -1 -1 208 208 
-1 185 -1 -1 -1 -1 -1 -1 -1 -1 -1 -1 -1 -1 -1 -1 -1 -1 -1 -1 -1 -1 -1 208 
-1 -1 84 38 86 86 86 41 87 184 -1 -1 256 -1 -1 -1 -1 -1 -1 -1 -1 -1 -1 208 
-1 -1 84 84 86 86 63 87 87 -1 -1 322 -1 -1 -1 -1 -1 -1 -1 253 -1 -1 208 -1 
-1 -1 84 84 86 86 86 87 87 -1 -1 -1 -1 -1 -1 -1 -1 -1 -1 -1 -1 -1 208 -1 
-1 -1 84 107 131 132 132 110 87 -1 -1 -1 99 -1 253 -1 -1 233 -1 -1 -1 -1 208 208 
-1 -1 107 130 199 132 200 133 110 -1 322 -1 -1 -1 -1 -1 -1 -1 -1 -1 -1 -1 208 -1 
-1 113 130 179 132 179 132 132 133 -1 -1 -1 -1 -1 -1 -1 -1 -1 -1 -1 -1 208 208 -1 
-1 -1 247 247 200 223 223 200 200 204 -1 -1 -1 -1 254 -1 -1 -1 -1 208 208 208 -1 -1 
-1 -1 245 245 247 247 247 223 200 102 -1 -1 -1 -1 -1 -1 -1 -1 -1 -1 -1 -1 -1 -1 
-1 -1 245 269 201 223 224 223 202 -1 -1 322 -1 -1 -1 322 -1 256 -1 -1 254 -1 -1 -1 
-1 -1 -1 -1 -1 -1 -1 -1 -1 -1 -1 -1 -1 -1 -1 -1 -1 -1 -1 -1 -1 -1 -1 -1 