24
24
1

47 47 47 47 47 47 47 47 47 47 47 47 47 47 47 47 47 47 47 47 47 47 47 47 
47 47 47 47 47 47 47 47 47 47 47 47 47 47 47 47 47 47 47 47 47 47 47 47 
47 47 47 47 47 47 47 47 47 47 47 47 47 47 47 47 47 47 47 47 47 47 47 47 
47 47 47 47 47 47 47 47 47 47 47 47 47 47 47 47 47 47 47 47 47 47 47 47 
47 47 47 47 47 47 47 47 47 47 47 47 47 47 47 47 47 47 47 47 47 47 47 47 
47 47 47 47 47 47 47 47 47 47 47 47 47 47 47 47 47 47 47 47 47 47 47 47 
47 47 47 47 47 47 47 47 73 73 47 47 47 47 47 47 47 47 47 47 47 47 47 47 
47 47 47 73 73 73 73 73 73 73 73 73 73 47 47 47 47 47 47 47 47 47 47 47 
47 47 47 73 73 73 73 73 73 73 73 73 73 73 73 73 73 73 47 47 47 47 47 47 
47 47 47 73 73 73 73 73 73 73 73 73 73 73 73 73 73 73 47 47 47 47 47 47 
47 47 47 73 73 73 73 73 73 73 73 73 73 73 73 73 73 73 47 47 47 47 47 47 
47 47 47 73 73 73 73 73 73 73 73 73 73 73 73 73 73 73 47 47 47 47 47 47 
47 47 47 73 73 73 73 73 73 73 73 73 73 73 73 73 73 73 73 47 47 47 47 47 
47 47 47 73 73 73 73 73 73 73 73 73 73 73 73 73 73 73 73 47 47 47 47 47 
47 47 47 73 73 73 73 73 73 73 73 73 73 73 73 73 73 73 73 73 47 47 47 47 
47 47 47 73 73 47 73 73 73 73 73 73 73 73 73 73 47 47 47 73 47 47 47 47 
47 47 47 47 47 47 47 47 47 47 47 47 47 47 47 47 47 47 47 47 47 47 47 47 
47 47 47 47 47 47 47 47 47 47 47 47 47 47 47 47 47 47 47 47 47 47 47 47 
47 47 47 47 47 47 47 47 47 47 47 47 47 47 47 47 47 47 47 47 47 47 47 47 
47 47 47 47 47 47 47 47 47 47 47 47 47 47 47 47 47 47 47 47 47 47 47 47 
47 47 47 47 47 47 47 47 47 47 47 47 47 47 47 47 47 47 47 47 47 47 47 47 
47 47 47 47 47 47 47 47 47 47 47 47 47 47 47 47 47 47 47 47 47 47 47 47 
47 47 47 47 47 47 47 47 47 47 47 47 47 47 47 47 47 47 47 47 47 47 47 47 
47 47 47 47 47 47 47 47 47 47 47 47 47 47 47 47 47 47 47 47 47 47 47 47 